object( "object/Cube" )
{
	ra( 1.732 )
	di( 1 1 1 )
	vb( 7824 0 5868 0 0 )
	v( 0.85 0.85 -1 )
	v( 0.85 1 -0.85 )
	v( 1 0.85 -0.85 )
	v( 0.85 -0.85 -1 )
	v( 1 -0.85 -0.85 )
	v( 0.85 -1 -0.85 )
	v( -0.85 -0.85 -1 )
	v( -0.85 -1 -0.85 )
	v( -1 -0.85 -0.85 )
	v( -0.85 0.85 -1 )
	v( -1 0.85 -0.85 )
	v( -0.85 1 -0.85 )
	v( 0.85 0.85 1 )
	v( 1 0.85 0.85 )
	v( 0.85 1 0.85 )
	v( -0.85 0.85 1 )
	v( -0.85 1 0.85 )
	v( -1 0.85 0.85 )
	v( -0.85 -0.85 1 )
	v( -1 -0.85 0.85 )
	v( -0.85 -1 0.85 )
	v( 0.85 -0.85 1 )
	v( 0.85 -1 0.85 )
	v( 1 -0.85 0.85 )
	v( -0.17 0.17 1 )
	v( -0.17 -0.17 1 )
	v( 0 0 0.83 )
	v( 0.17 -0.17 1 )
	v( 0.17 0.17 1 )
	v( -0.68 -1 0.34 )
	v( -0.34 -1 0.34 )
	v( -0.51 -0.83 0.51 )
	v( -0.34 -1 0.68 )
	v( -0.68 -1 0.68 )
	v( 0.68 -1 -0.68 )
	v( 0.68 -1 -0.34 )
	v( 0.51 -0.83 -0.51 )
	v( 0.34 -1 -0.34 )
	v( 0.34 -1 -0.68 )
	v( 1 0.34 0.34 )
	v( 1 0.68 0.34 )
	v( 0.83 0.51 0.51 )
	v( 1 0.68 0.68 )
	v( 1 0.34 0.68 )
	v( 1 0.17 -0.17 )
	v( 1 0.17 0.17 )
	v( 0.83 0 0 )
	v( 1 -0.17 0.17 )
	v( 1 -0.17 -0.17 )
	v( 1 -0.34 -0.68 )
	v( 1 -0.34 -0.34 )
	v( 0.83 -0.51 -0.51 )
	v( 1 -0.68 -0.34 )
	v( 1 -0.68 -0.68 )
	v( 0.68 -0.34 -1 )
	v( 0.68 -0.68 -1 )
	v( 0.51 -0.51 -0.83 )
	v( 0.34 -0.68 -1 )
	v( 0.34 -0.34 -1 )
	v( 0.17 -0.34 -1 )
	v( 0.17 -0.68 -1 )
	v( 0 -0.51 -0.83 )
	v( -0.17 -0.68 -1 )
	v( -0.17 -0.34 -1 )
	v( -0.68 -0.68 -1 )
	v( -0.68 -0.34 -1 )
	v( -0.51 -0.51 -0.83 )
	v( -0.34 -0.68 -1 )
	v( -0.34 -0.34 -1 )
	v( -0.68 0.34 -1 )
	v( -0.68 0.68 -1 )
	v( -0.51 0.51 -0.83 )
	v( -0.34 0.34 -1 )
	v( -0.34 0.68 -1 )
	v( 0.17 0.68 -1 )
	v( 0.17 0.34 -1 )
	v( 0 0.51 -0.83 )
	v( -0.17 0.34 -1 )
	v( -0.17 0.68 -1 )
	v( 0.68 0.68 -1 )
	v( 0.68 0.34 -1 )
	v( 0.51 0.51 -0.83 )
	v( 0.34 0.34 -1 )
	v( 0.34 0.68 -1 )
	v( -0.68 1 -0.34 )
	v( -0.34 1 -0.34 )
	v( -0.51 0.83 -0.51 )
	v( -0.34 1 -0.68 )
	v( -0.68 1 -0.68 )
	v( -0.68 1 0.68 )
	v( -0.34 1 0.68 )
	v( -0.51 0.83 0.51 )
	v( -0.34 1 0.34 )
	v( -0.68 1 0.34 )
	v( -0.17 1 0.17 )
	v( 0.17 1 0.17 )
	v( 0 0.83 0 )
	v( 0.17 1 -0.17 )
	v( -0.17 1 -0.17 )
	v( 0.68 1 0.68 )
	v( 0.68 1 0.34 )
	v( 0.51 0.83 0.51 )
	v( 0.34 1 0.68 )
	v( 0.34 1 0.34 )
	v( 0.34 1 -0.34 )
	v( 0.68 1 -0.34 )
	v( 0.51 0.83 -0.51 )
	v( 0.68 1 -0.68 )
	v( 0.34 1 -0.68 )
	v( -1 0.34 -0.68 )
	v( -1 0.34 -0.34 )
	v( -0.83 0.51 -0.51 )
	v( -1 0.68 -0.34 )
	v( -1 0.68 -0.68 )
	v( -1 0.34 0.34 )
	v( -1 0.34 0.68 )
	v( -0.83 0.51 0.51 )
	v( -1 0.68 0.68 )
	v( -1 0.68 0.34 )
	v( -1 -0.34 0.34 )
	v( -1 -0.68 0.34 )
	v( -0.83 -0.51 0.51 )
	v( -1 -0.68 0.68 )
	v( -1 -0.34 0.68 )
	v( -1 -0.34 -0.34 )
	v( -1 -0.34 -0.68 )
	v( -0.83 -0.51 -0.51 )
	v( -1 -0.68 -0.34 )
	v( -1 -0.68 -0.68 )
	v( -1 0.85 -0.68 )
	v( -1 0.68 -0.85 )
	v( -1 0.68 -0.68 )
	v( -1 0.85 -0.34 )
	v( -1 0.68 -0.34 )
	v( -1 0.85 -0.17 )
	v( -1 0.68 -0.17 )
	v( -1 0.85 0.17 )
	v( -1 0.68 0.17 )
	v( -1 0.85 0.34 )
	v( -1 0.68 0.34 )
	v( -1 0.85 0.68 )
	v( -1 0.68 0.68 )
	v( -1 0.68 0.85 )
	v( -1 0.34 -0.85 )
	v( -1 0.34 -0.68 )
	v( -1 0.34 -0.34 )
	v( -1 0.34 -0.17 )
	v( -1 0.34 0.17 )
	v( -1 0.34 0.34 )
	v( -1 0.34 0.68 )
	v( -1 0.34 0.85 )
	v( -1 0.17 -0.85 )
	v( -1 0.17 -0.68 )
	v( -1 0.17 -0.34 )
	v( -1 0.17 -0.17 )
	v( -1 0.17 0.17 )
	v( -1 0.17 0.34 )
	v( -1 0.17 0.68 )
	v( -1 0.17 0.85 )
	v( -1 -0.17 -0.85 )
	v( -1 -0.17 -0.68 )
	v( -1 -0.17 -0.34 )
	v( -1 -0.17 -0.17 )
	v( -1 -0.17 0.17 )
	v( -1 -0.17 0.34 )
	v( -1 -0.17 0.68 )
	v( -1 -0.17 0.85 )
	v( -1 -0.34 -0.85 )
	v( -1 -0.34 -0.68 )
	v( -1 -0.34 -0.34 )
	v( -1 -0.34 -0.17 )
	v( -1 -0.34 0.17 )
	v( -1 -0.34 0.34 )
	v( -1 -0.34 0.68 )
	v( -1 -0.34 0.85 )
	v( -1 -0.68 -0.85 )
	v( -1 -0.68 -0.68 )
	v( -1 -0.68 -0.34 )
	v( -1 -0.68 -0.17 )
	v( -1 -0.68 0.17 )
	v( -1 -0.68 0.34 )
	v( -1 -0.68 0.68 )
	v( -1 -0.68 0.85 )
	v( -1 -0.85 -0.68 )
	v( -1 -0.85 -0.34 )
	v( -1 -0.85 -0.17 )
	v( -1 -0.85 0.17 )
	v( -1 -0.85 0.34 )
	v( -1 -0.85 0.68 )
	v( 1 -0.85 -0.68 )
	v( 1 -0.68 -0.85 )
	v( 1 -0.68 -0.68 )
	v( 1 -0.85 -0.34 )
	v( 1 -0.68 -0.34 )
	v( 1 -0.85 -0.17 )
	v( 1 -0.68 -0.17 )
	v( 1 -0.85 0.17 )
	v( 1 -0.68 0.17 )
	v( 1 -0.85 0.34 )
	v( 1 -0.68 0.34 )
	v( 1 -0.85 0.68 )
	v( 1 -0.68 0.68 )
	v( 1 -0.68 0.85 )
	v( 1 -0.34 -0.85 )
	v( 1 -0.34 -0.68 )
	v( 1 -0.34 -0.34 )
	v( 1 -0.34 -0.17 )
	v( 1 -0.34 0.17 )
	v( 1 -0.34 0.34 )
	v( 1 -0.34 0.68 )
	v( 1 -0.34 0.85 )
	v( 1 -0.17 -0.85 )
	v( 1 -0.17 -0.68 )
	v( 1 -0.17 -0.34 )
	v( 1 -0.17 -0.17 )
	v( 1 -0.17 0.17 )
	v( 1 -0.17 0.34 )
	v( 1 -0.17 0.68 )
	v( 1 -0.17 0.85 )
	v( 1 0.17 -0.85 )
	v( 1 0.17 -0.68 )
	v( 1 0.17 -0.34 )
	v( 1 0.17 -0.17 )
	v( 1 0.17 0.17 )
	v( 1 0.17 0.34 )
	v( 1 0.17 0.68 )
	v( 1 0.17 0.85 )
	v( 1 0.34 -0.85 )
	v( 1 0.34 -0.68 )
	v( 1 0.34 -0.34 )
	v( 1 0.34 -0.17 )
	v( 1 0.34 0.17 )
	v( 1 0.34 0.34 )
	v( 1 0.34 0.68 )
	v( 1 0.34 0.85 )
	v( 1 0.68 -0.85 )
	v( 1 0.68 -0.68 )
	v( 1 0.68 -0.34 )
	v( 1 0.68 -0.17 )
	v( 1 0.68 0.17 )
	v( 1 0.68 0.34 )
	v( 1 0.68 0.85 )
	v( 1 0.68 0.68 )
	v( 1 0.85 -0.68 )
	v( 1 0.85 -0.34 )
	v( 1 0.85 -0.17 )
	v( 1 0.85 0.17 )
	v( 1 0.85 0.34 )
	v( 1 0.85 0.68 )
	v( -0.85 1 0.68 )
	v( -0.68 1 0.85 )
	v( -0.68 1 0.68 )
	v( -0.85 1 0.34 )
	v( -0.68 1 0.34 )
	v( -0.85 1 0.17 )
	v( -0.68 1 0.17 )
	v( -0.85 1 -0.17 )
	v( -0.68 1 -0.17 )
	v( -0.85 1 -0.34 )
	v( -0.68 1 -0.34 )
	v( -0.85 1 -0.68 )
	v( -0.68 1 -0.68 )
	v( -0.68 1 -0.85 )
	v( -0.34 1 0.85 )
	v( -0.34 1 0.68 )
	v( -0.34 1 0.34 )
	v( -0.34 1 0.17 )
	v( -0.34 1 -0.17 )
	v( -0.34 1 -0.34 )
	v( -0.34 1 -0.68 )
	v( -0.34 1 -0.85 )
	v( -0.17 1 0.85 )
	v( -0.17 1 0.68 )
	v( -0.17 1 0.34 )
	v( -0.17 1 0.17 )
	v( -0.17 1 -0.17 )
	v( -0.17 1 -0.34 )
	v( -0.17 1 -0.68 )
	v( -0.17 1 -0.85 )
	v( 0.17 1 0.85 )
	v( 0.17 1 0.68 )
	v( 0.17 1 0.34 )
	v( 0.17 1 0.17 )
	v( 0.17 1 -0.17 )
	v( 0.17 1 -0.34 )
	v( 0.17 1 -0.68 )
	v( 0.17 1 -0.85 )
	v( 0.34 1 0.85 )
	v( 0.34 1 0.68 )
	v( 0.34 1 0.34 )
	v( 0.34 1 0.17 )
	v( 0.34 1 -0.17 )
	v( 0.34 1 -0.34 )
	v( 0.34 1 -0.68 )
	v( 0.34 1 -0.85 )
	v( 0.68 1 0.85 )
	v( 0.68 1 0.68 )
	v( 0.68 1 0.34 )
	v( 0.68 1 0.17 )
	v( 0.68 1 -0.17 )
	v( 0.68 1 -0.34 )
	v( 0.68 1 -0.68 )
	v( 0.68 1 -0.85 )
	v( 0.85 1 0.68 )
	v( 0.85 1 0.34 )
	v( 0.85 1 0.17 )
	v( 0.85 1 -0.17 )
	v( 0.85 1 -0.34 )
	v( 0.85 1 -0.68 )
	v( -0.85 -1 -0.68 )
	v( -0.68 -1 -0.85 )
	v( -0.68 -1 -0.68 )
	v( -0.85 -1 -0.34 )
	v( -0.68 -1 -0.34 )
	v( -0.85 -1 -0.17 )
	v( -0.68 -1 -0.17 )
	v( -0.85 -1 0.17 )
	v( -0.68 -1 0.17 )
	v( -0.85 -1 0.34 )
	v( -0.68 -1 0.34 )
	v( -0.85 -1 0.68 )
	v( -0.68 -1 0.68 )
	v( -0.68 -1 0.85 )
	v( -0.34 -1 -0.85 )
	v( -0.34 -1 -0.68 )
	v( -0.34 -1 -0.34 )
	v( -0.34 -1 -0.17 )
	v( -0.34 -1 0.17 )
	v( -0.34 -1 0.34 )
	v( -0.34 -1 0.68 )
	v( -0.34 -1 0.85 )
	v( -0.17 -1 -0.85 )
	v( -0.17 -1 -0.68 )
	v( -0.17 -1 -0.34 )
	v( -0.17 -1 -0.17 )
	v( -0.17 -1 0.17 )
	v( -0.17 -1 0.34 )
	v( -0.17 -1 0.68 )
	v( -0.17 -1 0.85 )
	v( 0.17 -1 -0.85 )
	v( 0.17 -1 -0.68 )
	v( 0.17 -1 -0.34 )
	v( 0.17 -1 -0.17 )
	v( 0.17 -1 0.17 )
	v( 0.17 -1 0.34 )
	v( 0.17 -1 0.68 )
	v( 0.17 -1 0.85 )
	v( 0.34 -1 -0.85 )
	v( 0.34 -1 -0.68 )
	v( 0.34 -1 -0.34 )
	v( 0.34 -1 -0.17 )
	v( 0.34 -1 0.17 )
	v( 0.34 -1 0.34 )
	v( 0.34 -1 0.68 )
	v( 0.34 -1 0.85 )
	v( 0.68 -1 -0.85 )
	v( 0.68 -1 -0.68 )
	v( 0.68 -1 -0.17 )
	v( 0.68 -1 -0.34 )
	v( 0.68 -1 0.17 )
	v( 0.68 -1 0.34 )
	v( 0.68 -1 0.68 )
	v( 0.68 -1 0.85 )
	v( 0.85 -1 -0.68 )
	v( 0.85 -1 -0.34 )
	v( 0.85 -1 -0.17 )
	v( 0.85 -1 0.17 )
	v( 0.85 -1 0.34 )
	v( 0.85 -1 0.68 )
	v( -0.85 -0.68 1 )
	v( -0.68 -0.85 1 )
	v( -0.68 -0.68 1 )
	v( -0.85 -0.34 1 )
	v( -0.68 -0.34 1 )
	v( -0.85 -0.17 1 )
	v( -0.68 -0.17 1 )
	v( -0.85 0.17 1 )
	v( -0.68 0.17 1 )
	v( -0.85 0.34 1 )
	v( -0.68 0.34 1 )
	v( -0.85 0.68 1 )
	v( -0.68 0.68 1 )
	v( -0.68 0.85 1 )
	v( -0.34 -0.85 1 )
	v( -0.34 -0.68 1 )
	v( -0.34 -0.34 1 )
	v( -0.34 -0.17 1 )
	v( -0.34 0.17 1 )
	v( -0.34 0.34 1 )
	v( -0.34 0.68 1 )
	v( -0.34 0.85 1 )
	v( -0.17 -0.85 1 )
	v( -0.17 -0.68 1 )
	v( -0.17 -0.34 1 )
	v( -0.17 -0.17 1 )
	v( -0.17 0.17 1 )
	v( -0.17 0.34 1 )
	v( -0.17 0.68 1 )
	v( -0.17 0.85 1 )
	v( 0.17 -0.85 1 )
	v( 0.17 -0.68 1 )
	v( 0.17 -0.34 1 )
	v( 0.17 -0.17 1 )
	v( 0.17 0.17 1 )
	v( 0.17 0.34 1 )
	v( 0.17 0.68 1 )
	v( 0.17 0.85 1 )
	v( 0.34 -0.85 1 )
	v( 0.34 -0.68 1 )
	v( 0.34 -0.34 1 )
	v( 0.34 -0.17 1 )
	v( 0.34 0.17 1 )
	v( 0.34 0.34 1 )
	v( 0.34 0.68 1 )
	v( 0.34 0.85 1 )
	v( 0.68 -0.85 1 )
	v( 0.68 -0.68 1 )
	v( 0.68 -0.34 1 )
	v( 0.68 -0.17 1 )
	v( 0.68 0.17 1 )
	v( 0.68 0.34 1 )
	v( 0.68 0.68 1 )
	v( 0.68 0.85 1 )
	v( 0.85 -0.68 1 )
	v( 0.85 -0.34 1 )
	v( 0.85 -0.17 1 )
	v( 0.85 0.17 1 )
	v( 0.85 0.34 1 )
	v( 0.85 0.68 1 )
	v( -0.85 0.68 -1 )
	v( -0.68 0.85 -1 )
	v( -0.68 0.68 -1 )
	v( -0.85 0.34 -1 )
	v( -0.68 0.34 -1 )
	v( -0.85 0.17 -1 )
	v( -0.68 0.17 -1 )
	v( -0.85 -0.17 -1 )
	v( -0.68 -0.17 -1 )
	v( -0.85 -0.34 -1 )
	v( -0.68 -0.34 -1 )
	v( -0.85 -0.68 -1 )
	v( -0.68 -0.68 -1 )
	v( -0.68 -0.85 -1 )
	v( -0.34 0.85 -1 )
	v( -0.34 0.68 -1 )
	v( -0.34 0.34 -1 )
	v( -0.34 0.17 -1 )
	v( -0.34 -0.17 -1 )
	v( -0.34 -0.34 -1 )
	v( -0.34 -0.68 -1 )
	v( -0.34 -0.85 -1 )
	v( -0.17 0.85 -1 )
	v( -0.17 0.68 -1 )
	v( -0.17 0.34 -1 )
	v( -0.17 0.17 -1 )
	v( -0.17 -0.17 -1 )
	v( -0.17 -0.34 -1 )
	v( -0.17 -0.68 -1 )
	v( -0.17 -0.85 -1 )
	v( 0.17 0.85 -1 )
	v( 0.17 0.68 -1 )
	v( 0.17 0.34 -1 )
	v( 0.17 0.17 -1 )
	v( 0.17 -0.17 -1 )
	v( 0.17 -0.34 -1 )
	v( 0.17 -0.68 -1 )
	v( 0.17 -0.85 -1 )
	v( 0.34 0.85 -1 )
	v( 0.34 0.68 -1 )
	v( 0.34 0.34 -1 )
	v( 0.34 0.17 -1 )
	v( 0.34 -0.17 -1 )
	v( 0.34 -0.34 -1 )
	v( 0.34 -0.68 -1 )
	v( 0.34 -0.85 -1 )
	v( 0.68 0.85 -1 )
	v( 0.68 0.68 -1 )
	v( 0.68 0.34 -1 )
	v( 0.68 0.17 -1 )
	v( 0.68 -0.17 -1 )
	v( 0.68 -0.34 -1 )
	v( 0.68 -0.68 -1 )
	v( 0.68 -0.85 -1 )
	v( 0.85 0.68 -1 )
	v( 0.85 0.34 -1 )
	v( 0.85 0.17 -1 )
	v( 0.85 -0.17 -1 )
	v( 0.85 -0.34 -1 )
	v( 0.85 -0.68 -1 )
	c( 255 0 0 )
	c( 179 0 0 )
	c( 255 1 1 )
	c( 255 0 0 )
	c( 255 0 0 )
	c( 177 0 0 )
	c( 191 0 0 )
	c( 255 0 0 )
	c( 255 0 0 )
	c( 22 0 0 )
	c( 22 0 0 )
	c( 55 0 0 )
	c( 255 0 0 )
	c( 196 6 6 )
	c( 255 0 0 )
	c( 255 0 0 )
	c( 255 0 0 )
	c( 191 0 0 )
	c( 198 0 0 )
	c( 255 0 0 )
	c( 255 0 0 )
	c( 55 0 0 )
	c( 46 0 0 )
	c( 65 0 0 )
	c( 190 190 190 )
	c( 245 245 245 )
	c( 226 226 226 )
	c( 250 250 250 )
	c( 202 202 202 )
	c( 255 255 255 )
	c( 255 255 255 )
	c( 255 255 255 )
	c( 255 255 255 )
	c( 255 255 255 )
	c( 251 251 251 )
	c( 236 236 236 )
	c( 255 255 255 )
	c( 255 255 255 )
	c( 255 255 255 )
	c( 177 177 177 )
	c( 174 174 174 )
	c( 210 210 210 )
	c( 245 245 245 )
	c( 231 231 231 )
	c( 190 190 190 )
	c( 253 253 253 )
	c( 228 228 228 )
	c( 255 255 255 )
	c( 202 202 202 )
	c( 211 211 211 )
	c( 255 255 255 )
	c( 246 246 246 )
	c( 255 255 255 )
	c( 231 231 231 )
	c( 220 220 220 )
	c( 217 217 217 )
	c( 243 243 243 )
	c( 255 255 255 )
	c( 255 255 255 )
	c( 199 199 199 )
	c( 198 198 198 )
	c( 226 226 226 )
	c( 252 252 252 )
	c( 242 242 242 )
	c( 236 236 236 )
	c( 227 227 227 )
	c( 209 209 209 )
	c( 180 180 180 )
	c( 180 180 180 )
	c( 231 231 231 )
	c( 231 231 231 )
	c( 209 209 209 )
	c( 175 175 175 )
	c( 190 190 190 )
	c( 210 210 210 )
	c( 192 192 192 )
	c( 226 226 226 )
	c( 246 246 246 )
	c( 246 246 246 )
	c( 231 231 231 )
	c( 211 211 211 )
	c( 243 243 243 )
	c( 255 255 255 )
	c( 255 255 255 )
	c( 186 186 186 )
	c( 168 168 168 )
	c( 209 209 209 )
	c( 227 227 227 )
	c( 236 236 236 )
	c( 227 227 227 )
	c( 205 205 205 )
	c( 243 243 243 )
	c( 255 255 255 )
	c( 255 255 255 )
	c( 202 202 202 )
	c( 190 190 190 )
	c( 226 226 226 )
	c( 245 245 245 )
	c( 250 250 250 )
	c( 211 211 211 )
	c( 255 255 255 )
	c( 243 243 243 )
	c( 218 218 218 )
	c( 255 255 255 )
	c( 177 177 177 )
	c( 174 174 174 )
	c( 209 209 209 )
	c( 231 231 231 )
	c( 231 231 231 )
	c( 190 190 190 )
	c( 175 175 175 )
	c( 209 209 209 )
	c( 231 231 231 )
	c( 231 231 231 )
	c( 180 180 180 )
	c( 180 180 180 )
	c( 209 209 209 )
	c( 236 236 236 )
	c( 227 227 227 )
	c( 255 255 255 )
	c( 220 220 220 )
	c( 243 243 243 )
	c( 217 217 217 )
	c( 255 255 255 )
	c( 255 255 255 )
	c( 255 255 255 )
	c( 243 243 243 )
	c( 211 211 211 )
	c( 231 231 231 )
	c( 103 0 0 )
	c( 167 0 0 )
	c( 231 0 0 )
	c( 105 0 0 )
	c( 231 0 0 )
	c( 106 0 0 )
	c( 200 0 0 )
	c( 107 0 0 )
	c( 200 0 0 )
	c( 108 0 0 )
	c( 227 0 0 )
	c( 110 0 0 )
	c( 236 0 0 )
	c( 206 0 0 )
	c( 176 0 0 )
	c( 190 0 0 )
	c( 175 0 0 )
	c( 211 0 0 )
	c( 211 0 0 )
	c( 180 0 0 )
	c( 180 0 0 )
	c( 213 0 0 )
	c( 180 0 0 )
	c( 215 0 0 )
	c( 216 0 0 )
	c( 216 0 0 )
	c( 216 0 0 )
	c( 216 0 0 )
	c( 215 0 0 )
	c( 207 0 0 )
	c( 189 0 0 )
	c( 226 0 0 )
	c( 227 0 0 )
	c( 227 0 0 )
	c( 227 0 0 )
	c( 227 0 0 )
	c( 226 0 0 )
	c( 229 0 0 )
	c( 194 0 0 )
	c( 255 0 0 )
	c( 255 0 0 )
	c( 233 0 0 )
	c( 233 0 0 )
	c( 255 0 0 )
	c( 255 0 0 )
	c( 228 0 0 )
	c( 205 0 0 )
	c( 231 0 0 )
	c( 211 0 0 )
	c( 246 0 0 )
	c( 246 0 0 )
	c( 220 0 0 )
	c( 217 0 0 )
	c( 237 0 0 )
	c( 255 0 0 )
	c( 255 0 0 )
	c( 255 0 0 )
	c( 255 0 0 )
	c( 255 0 0 )
	c( 255 0 0 )
	c( 213 0 0 )
	c( 255 78 78 )
	c( 231 0 0 )
	c( 183 0 0 )
	c( 255 5 5 )
	c( 189 0 0 )
	c( 227 0 0 )
	c( 180 0 0 )
	c( 216 0 0 )
	c( 182 0 0 )
	c( 210 0 0 )
	c( 157 0 0 )
	c( 200 0 0 )
	c( 91 0 0 )
	c( 255 84 84 )
	c( 211 0 0 )
	c( 255 4 4 )
	c( 229 0 0 )
	c( 217 0 0 )
	c( 211 0 0 )
	c( 200 0 0 )
	c( 112 0 0 )
	c( 255 86 86 )
	c( 249 1 1 )
	c( 235 0 0 )
	c( 202 0 0 )
	c( 255 3 3 )
	c( 211 0 0 )
	c( 201 0 0 )
	c( 106 0 0 )
	c( 255 86 86 )
	c( 249 1 1 )
	c( 235 0 0 )
	c( 190 0 0 )
	c( 253 2 2 )
	c( 211 0 0 )
	c( 201 0 0 )
	c( 107 0 0 )
	c( 255 84 84 )
	c( 248 1 1 )
	c( 235 0 0 )
	c( 229 0 0 )
	c( 217 0 0 )
	c( 177 0 0 )
	c( 231 1 1 )
	c( 99 0 0 )
	c( 255 78 78 )
	c( 246 0 0 )
	c( 233 0 0 )
	c( 227 0 0 )
	c( 216 0 0 )
	c( 174 0 0 )
	c( 115 0 0 )
	c( 245 3 3 )
	c( 237 0 0 )
	c( 228 0 0 )
	c( 224 0 0 )
	c( 217 0 0 )
	c( 213 0 0 )
	c( 206 0 0 )
	c( 205 0 0 )
	c( 255 0 0 )
	c( 227 0 0 )
	c( 194 0 0 )
	c( 255 0 0 )
	c( 189 0 0 )
	c( 226 0 0 )
	c( 180 0 0 )
	c( 215 0 0 )
	c( 176 0 0 )
	c( 186 0 0 )
	c( 167 0 0 )
	c( 236 0 0 )
	c( 103 0 0 )
	c( 255 0 0 )
	c( 205 0 0 )
	c( 255 0 0 )
	c( 227 0 0 )
	c( 216 0 0 )
	c( 168 0 0 )
	c( 227 0 0 )
	c( 105 0 0 )
	c( 255 0 0 )
	c( 246 0 0 )
	c( 233 0 0 )
	c( 202 0 0 )
	c( 250 0 0 )
	c( 211 0 0 )
	c( 200 0 0 )
	c( 115 0 0 )
	c( 255 0 0 )
	c( 246 0 0 )
	c( 233 0 0 )
	c( 190 0 0 )
	c( 245 0 0 )
	c( 211 0 0 )
	c( 200 0 0 )
	c( 101 0 0 )
	c( 255 0 0 )
	c( 218 0 0 )
	c( 255 0 0 )
	c( 227 0 0 )
	c( 216 0 0 )
	c( 177 0 0 )
	c( 231 0 0 )
	c( 108 0 0 )
	c( 255 0 0 )
	c( 211 0 0 )
	c( 255 0 0 )
	c( 226 0 0 )
	c( 215 0 0 )
	c( 174 0 0 )
	c( 231 0 0 )
	c( 110 0 0 )
	c( 237 0 0 )
	c( 228 0 0 )
	c( 224 0 0 )
	c( 217 0 0 )
	c( 213 0 0 )
	c( 206 0 0 )
	c( 255 0 0 )
	c( 237 0 0 )
	c( 255 11 11 )
	c( 255 0 0 )
	c( 255 20 20 )
	c( 255 0 0 )
	c( 255 23 23 )
	c( 255 0 0 )
	c( 255 23 23 )
	c( 255 0 0 )
	c( 255 28 28 )
	c( 255 0 0 )
	c( 255 78 78 )
	c( 205 0 0 )
	c( 228 0 0 )
	c( 255 16 16 )
	c( 255 28 28 )
	c( 255 33 33 )
	c( 255 33 33 )
	c( 255 0 0 )
	c( 255 2 2 )
	c( 194 0 0 )
	c( 224 0 0 )
	c( 255 18 18 )
	c( 255 33 33 )
	c( 255 39 39 )
	c( 255 39 39 )
	c( 255 33 33 )
	c( 255 18 18 )
	c( 178 0 0 )
	c( 217 0 0 )
	c( 255 25 25 )
	c( 255 44 44 )
	c( 255 52 52 )
	c( 255 52 52 )
	c( 255 44 44 )
	c( 255 25 25 )
	c( 187 0 0 )
	c( 213 0 0 )
	c( 255 116 116 )
	c( 255 52 52 )
	c( 255 59 59 )
	c( 255 59 59 )
	c( 255 51 51 )
	c( 255 28 28 )
	c( 176 0 0 )
	c( 206 0 0 )
	c( 251 5 5 )
	c( 255 74 74 )
	c( 236 1 1 )
	c( 255 74 74 )
	c( 255 64 64 )
	c( 255 36 36 )
	c( 167 0 0 )
	c( 255 76 76 )
	c( 255 120 120 )
	c( 255 135 135 )
	c( 255 135 135 )
	c( 255 120 120 )
	c( 255 76 76 )
	c( 206 0 0 )
	c( 110 0 0 )
	c( 199 0 0 )
	c( 213 0 0 )
	c( 209 0 0 )
	c( 207 0 0 )
	c( 215 0 0 )
	c( 229 0 0 )
	c( 226 0 0 )
	c( 228 0 0 )
	c( 232 0 0 )
	c( 237 0 0 )
	c( 244 0 0 )
	c( 255 0 0 )
	c( 108 0 0 )
	c( 200 0 0 )
	c( 210 0 0 )
	c( 216 0 0 )
	c( 227 0 0 )
	c( 233 0 0 )
	c( 246 0 0 )
	c( 255 0 0 )
	c( 107 0 0 )
	c( 200 0 0 )
	c( 211 0 0 )
	c( 245 0 0 )
	c( 190 0 0 )
	c( 233 0 0 )
	c( 246 0 0 )
	c( 255 0 0 )
	c( 106 0 0 )
	c( 200 0 0 )
	c( 211 0 0 )
	c( 250 0 0 )
	c( 202 0 0 )
	c( 233 0 0 )
	c( 246 0 0 )
	c( 255 0 0 )
	c( 105 0 0 )
	c( 200 0 0 )
	c( 210 0 0 )
	c( 216 0 0 )
	c( 227 0 0 )
	c( 233 0 0 )
	c( 246 0 0 )
	c( 255 0 0 )
	c( 103 0 0 )
	c( 199 0 0 )
	c( 209 0 0 )
	c( 215 0 0 )
	c( 226 0 0 )
	c( 232 0 0 )
	c( 244 0 0 )
	c( 255 0 0 )
	c( 167 0 0 )
	c( 176 0 0 )
	c( 180 0 0 )
	c( 189 0 0 )
	c( 194 0 0 )
	c( 205 0 0 )
	c( 103 0 0 )
	c( 167 0 0 )
	c( 231 0 0 )
	c( 105 0 0 )
	c( 231 0 0 )
	c( 106 0 0 )
	c( 200 0 0 )
	c( 107 0 0 )
	c( 200 0 0 )
	c( 108 0 0 )
	c( 227 0 0 )
	c( 110 0 0 )
	c( 236 0 0 )
	c( 206 0 0 )
	c( 176 0 0 )
	c( 190 0 0 )
	c( 175 0 0 )
	c( 211 0 0 )
	c( 211 0 0 )
	c( 180 0 0 )
	c( 180 0 0 )
	c( 213 0 0 )
	c( 172 0 0 )
	c( 246 0 0 )
	c( 246 0 0 )
	c( 216 0 0 )
	c( 216 0 0 )
	c( 242 0 0 )
	c( 252 0 0 )
	c( 217 0 0 )
	c( 200 0 0 )
	c( 210 0 0 )
	c( 192 0 0 )
	c( 227 0 0 )
	c( 227 0 0 )
	c( 199 0 0 )
	c( 198 0 0 )
	c( 224 0 0 )
	c( 194 0 0 )
	c( 255 0 0 )
	c( 255 0 0 )
	c( 233 0 0 )
	c( 233 0 0 )
	c( 255 0 0 )
	c( 255 0 0 )
	c( 228 0 0 )
	c( 205 0 0 )
	c( 231 0 0 )
	c( 211 0 0 )
	c( 246 0 0 )
	c( 246 0 0 )
	c( 220 0 0 )
	c( 217 0 0 )
	c( 237 0 0 )
	c( 255 0 0 )
	c( 255 0 0 )
	c( 255 0 0 )
	c( 255 0 0 )
	c( 255 0 0 )
	c( 255 0 0 )
	ng( 1 )
	g( "null" )
	mt( "material/OuterDie" )
	ni( 2418 4 )
	i( 3 0 1 2 )
	i( 3 3 4 5 )
	i( 3 6 7 8 )
	i( 3 9 10 11 )
	i( 3 12 13 14 )
	i( 3 15 16 17 )
	i( 3 18 19 20 )
	i( 3 21 22 23 )
	i( 3 24 25 26 )
	i( 3 25 27 26 )
	i( 3 28 24 26 )
	i( 3 27 28 26 )
	i( 3 29 30 31 )
	i( 3 32 33 31 )
	i( 3 30 32 31 )
	i( 3 33 29 31 )
	i( 3 34 35 36 )
	i( 3 35 37 36 )
	i( 3 38 34 36 )
	i( 3 37 38 36 )
	i( 3 39 40 41 )
	i( 3 42 43 41 )
	i( 3 43 39 41 )
	i( 3 40 42 41 )
	i( 3 44 45 46 )
	i( 3 45 47 46 )
	i( 3 48 44 46 )
	i( 3 47 48 46 )
	i( 3 49 50 51 )
	i( 3 52 53 51 )
	i( 3 53 49 51 )
	i( 3 50 52 51 )
	i( 3 54 55 56 )
	i( 3 55 57 56 )
	i( 3 58 54 56 )
	i( 3 57 58 56 )
	i( 3 59 60 61 )
	i( 3 62 63 61 )
	i( 3 63 59 61 )
	i( 3 60 62 61 )
	i( 3 64 65 66 )
	i( 3 67 64 66 )
	i( 3 65 68 66 )
	i( 3 68 67 66 )
	i( 3 69 70 71 )
	i( 3 72 69 71 )
	i( 3 70 73 71 )
	i( 3 73 72 71 )
	i( 3 74 75 76 )
	i( 3 77 78 76 )
	i( 3 78 74 76 )
	i( 3 75 77 76 )
	i( 3 79 80 81 )
	i( 3 80 82 81 )
	i( 3 83 79 81 )
	i( 3 82 83 81 )
	i( 3 84 85 86 )
	i( 3 87 88 86 )
	i( 3 85 87 86 )
	i( 3 88 84 86 )
	i( 3 89 90 91 )
	i( 3 92 93 91 )
	i( 3 90 92 91 )
	i( 3 93 89 91 )
	i( 3 94 95 96 )
	i( 3 97 98 96 )
	i( 3 98 94 96 )
	i( 3 95 97 96 )
	i( 3 99 100 101 )
	i( 3 102 99 101 )
	i( 3 100 103 101 )
	i( 3 103 102 101 )
	i( 3 104 105 106 )
	i( 3 107 108 106 )
	i( 3 108 104 106 )
	i( 3 105 107 106 )
	i( 3 109 110 111 )
	i( 3 110 112 111 )
	i( 3 113 109 111 )
	i( 3 112 113 111 )
	i( 3 114 115 116 )
	i( 3 117 118 116 )
	i( 3 118 114 116 )
	i( 3 115 117 116 )
	i( 3 119 120 121 )
	i( 3 122 123 121 )
	i( 3 123 119 121 )
	i( 3 120 122 121 )
	i( 3 124 125 126 )
	i( 3 127 124 126 )
	i( 3 125 128 126 )
	i( 3 128 127 126 )
	i( 3 129 10 130 )
	i( 3 129 130 131 )
	i( 3 132 129 131 )
	i( 3 132 131 133 )
	i( 3 134 132 133 )
	i( 3 134 133 135 )
	i( 3 136 134 135 )
	i( 3 136 135 137 )
	i( 3 138 136 137 )
	i( 3 138 137 139 )
	i( 3 140 138 139 )
	i( 3 140 139 141 )
	i( 3 17 140 141 )
	i( 3 17 141 142 )
	i( 3 131 130 143 )
	i( 3 131 143 144 )
	i( 3 135 133 145 )
	i( 3 135 145 146 )
	i( 3 137 135 146 )
	i( 3 137 146 147 )
	i( 3 139 137 147 )
	i( 3 139 147 148 )
	i( 3 142 141 149 )
	i( 3 142 149 150 )
	i( 3 144 143 151 )
	i( 3 144 151 152 )
	i( 3 145 144 152 )
	i( 3 145 152 153 )
	i( 3 146 145 153 )
	i( 3 146 153 154 )
	i( 3 147 146 154 )
	i( 3 147 154 155 )
	i( 3 148 147 155 )
	i( 3 148 155 156 )
	i( 3 149 148 156 )
	i( 3 149 156 157 )
	i( 3 150 149 157 )
	i( 3 150 157 158 )
	i( 3 152 151 159 )
	i( 3 152 159 160 )
	i( 3 153 152 160 )
	i( 3 153 160 161 )
	i( 3 154 153 161 )
	i( 3 154 161 162 )
	i( 3 155 154 162 )
	i( 3 155 162 163 )
	i( 3 156 155 163 )
	i( 3 156 163 164 )
	i( 3 157 156 164 )
	i( 3 157 164 165 )
	i( 3 158 157 165 )
	i( 3 158 165 166 )
	i( 3 160 159 167 )
	i( 3 160 167 168 )
	i( 3 161 160 168 )
	i( 3 161 168 169 )
	i( 3 162 161 169 )
	i( 3 162 169 170 )
	i( 3 163 162 170 )
	i( 3 163 170 171 )
	i( 3 164 163 171 )
	i( 3 164 171 172 )
	i( 3 165 164 172 )
	i( 3 165 172 173 )
	i( 3 166 165 173 )
	i( 3 166 173 174 )
	i( 3 168 167 175 )
	i( 3 168 175 176 )
	i( 3 170 169 177 )
	i( 3 170 177 178 )
	i( 3 171 170 178 )
	i( 3 171 178 179 )
	i( 3 172 171 179 )
	i( 3 172 179 180 )
	i( 3 174 173 181 )
	i( 3 174 181 182 )
	i( 3 176 175 8 )
	i( 3 176 8 183 )
	i( 3 177 176 183 )
	i( 3 177 183 184 )
	i( 3 178 177 184 )
	i( 3 178 184 185 )
	i( 3 179 178 185 )
	i( 3 179 185 186 )
	i( 3 180 179 186 )
	i( 3 180 186 187 )
	i( 3 181 180 187 )
	i( 3 181 187 188 )
	i( 3 182 181 188 )
	i( 3 182 188 19 )
	i( 3 189 4 190 )
	i( 3 189 190 191 )
	i( 3 192 189 193 )
	i( 3 189 191 193 )
	i( 3 194 192 193 )
	i( 3 194 193 195 )
	i( 3 196 194 195 )
	i( 3 196 195 197 )
	i( 3 198 196 197 )
	i( 3 198 197 199 )
	i( 3 200 198 201 )
	i( 3 198 199 201 )
	i( 3 23 200 201 )
	i( 3 23 201 202 )
	i( 3 191 190 203 )
	i( 3 191 203 204 )
	i( 3 195 193 205 )
	i( 3 195 205 206 )
	i( 3 197 195 207 )
	i( 3 195 206 207 )
	i( 3 199 197 207 )
	i( 3 199 207 208 )
	i( 3 201 199 209 )
	i( 3 199 208 209 )
	i( 3 202 201 210 )
	i( 3 201 209 210 )
	i( 3 204 203 211 )
	i( 3 204 211 212 )
	i( 3 205 204 213 )
	i( 3 204 212 213 )
	i( 3 206 205 213 )
	i( 3 206 213 214 )
	i( 3 207 206 214 )
	i( 3 207 214 215 )
	i( 3 208 207 215 )
	i( 3 208 215 216 )
	i( 3 209 208 217 )
	i( 3 208 216 217 )
	i( 3 210 209 217 )
	i( 3 210 217 218 )
	i( 3 212 211 219 )
	i( 3 212 219 220 )
	i( 3 213 212 221 )
	i( 3 212 220 221 )
	i( 3 214 213 221 )
	i( 3 214 221 222 )
	i( 3 216 215 223 )
	i( 3 216 223 224 )
	i( 3 217 216 225 )
	i( 3 216 224 225 )
	i( 3 218 217 225 )
	i( 3 218 225 226 )
	i( 3 220 219 227 )
	i( 3 220 227 228 )
	i( 3 221 220 228 )
	i( 3 221 228 229 )
	i( 3 222 221 229 )
	i( 3 222 229 230 )
	i( 3 223 222 230 )
	i( 3 223 230 231 )
	i( 3 224 223 231 )
	i( 3 224 231 232 )
	i( 3 225 224 232 )
	i( 3 225 232 233 )
	i( 3 226 225 233 )
	i( 3 226 233 234 )
	i( 3 228 227 235 )
	i( 3 228 235 236 )
	i( 3 229 228 237 )
	i( 3 228 236 237 )
	i( 3 230 229 237 )
	i( 3 230 237 238 )
	i( 3 231 230 239 )
	i( 3 230 238 239 )
	i( 3 232 231 239 )
	i( 3 232 239 240 )
	i( 3 234 233 241 )
	i( 3 233 242 241 )
	i( 3 236 235 2 )
	i( 3 236 2 243 )
	i( 3 237 236 243 )
	i( 3 237 243 244 )
	i( 3 238 237 244 )
	i( 3 238 244 245 )
	i( 3 239 238 245 )
	i( 3 239 245 246 )
	i( 3 240 239 246 )
	i( 3 240 246 247 )
	i( 3 242 240 247 )
	i( 3 242 247 248 )
	i( 3 241 242 248 )
	i( 3 241 248 13 )
	i( 3 249 16 250 )
	i( 3 249 250 251 )
	i( 3 252 249 251 )
	i( 3 252 251 253 )
	i( 3 254 252 253 )
	i( 3 254 253 255 )
	i( 3 256 254 255 )
	i( 3 256 255 257 )
	i( 3 258 256 257 )
	i( 3 258 257 259 )
	i( 3 260 258 259 )
	i( 3 260 259 261 )
	i( 3 11 260 261 )
	i( 3 11 261 262 )
	i( 3 251 250 263 )
	i( 3 251 263 264 )
	i( 3 255 253 265 )
	i( 3 255 265 266 )
	i( 3 257 255 266 )
	i( 3 257 266 267 )
	i( 3 259 257 267 )
	i( 3 259 267 268 )
	i( 3 262 261 269 )
	i( 3 262 269 270 )
	i( 3 264 263 271 )
	i( 3 264 271 272 )
	i( 3 265 264 272 )
	i( 3 265 272 273 )
	i( 3 266 265 273 )
	i( 3 266 273 274 )
	i( 3 267 266 274 )
	i( 3 267 274 275 )
	i( 3 268 267 275 )
	i( 3 268 275 276 )
	i( 3 269 268 276 )
	i( 3 269 276 277 )
	i( 3 270 269 277 )
	i( 3 270 277 278 )
	i( 3 272 271 279 )
	i( 3 272 279 280 )
	i( 3 273 272 280 )
	i( 3 273 280 281 )
	i( 3 274 273 281 )
	i( 3 274 281 282 )
	i( 3 276 275 283 )
	i( 3 276 283 284 )
	i( 3 277 276 284 )
	i( 3 277 284 285 )
	i( 3 278 277 285 )
	i( 3 278 285 286 )
	i( 3 280 279 287 )
	i( 3 280 287 288 )
	i( 3 281 280 288 )
	i( 3 281 288 289 )
	i( 3 282 281 289 )
	i( 3 282 289 290 )
	i( 3 283 282 290 )
	i( 3 283 290 291 )
	i( 3 284 283 291 )
	i( 3 284 291 292 )
	i( 3 285 284 292 )
	i( 3 285 292 293 )
	i( 3 286 285 293 )
	i( 3 286 293 294 )
	i( 3 288 287 295 )
	i( 3 288 295 296 )
	i( 3 290 289 297 )
	i( 3 290 297 298 )
	i( 3 291 290 299 )
	i( 3 290 298 299 )
	i( 3 292 291 299 )
	i( 3 292 299 300 )
	i( 3 294 293 301 )
	i( 3 294 301 302 )
	i( 3 296 295 14 )
	i( 3 296 14 303 )
	i( 3 297 296 303 )
	i( 3 297 303 304 )
	i( 3 298 297 304 )
	i( 3 298 304 305 )
	i( 3 299 298 305 )
	i( 3 299 305 306 )
	i( 3 300 299 306 )
	i( 3 300 306 307 )
	i( 3 301 300 307 )
	i( 3 301 307 308 )
	i( 3 302 301 308 )
	i( 3 302 308 1 )
	i( 3 309 7 310 )
	i( 3 309 310 311 )
	i( 3 312 309 311 )
	i( 3 312 311 313 )
	i( 3 314 312 313 )
	i( 3 314 313 315 )
	i( 3 316 314 315 )
	i( 3 316 315 317 )
	i( 3 318 316 317 )
	i( 3 318 317 319 )
	i( 3 320 318 319 )
	i( 3 320 319 321 )
	i( 3 20 320 321 )
	i( 3 20 321 322 )
	i( 3 311 310 323 )
	i( 3 311 323 324 )
	i( 3 313 311 324 )
	i( 3 313 324 325 )
	i( 3 315 313 325 )
	i( 3 315 325 326 )
	i( 3 317 315 326 )
	i( 3 317 326 327 )
	i( 3 319 317 327 )
	i( 3 319 327 328 )
	i( 3 322 321 329 )
	i( 3 322 329 330 )
	i( 3 324 323 331 )
	i( 3 324 331 332 )
	i( 3 325 324 332 )
	i( 3 325 332 333 )
	i( 3 326 325 333 )
	i( 3 326 333 334 )
	i( 3 327 326 334 )
	i( 3 327 334 335 )
	i( 3 328 327 335 )
	i( 3 328 335 336 )
	i( 3 329 328 336 )
	i( 3 329 336 337 )
	i( 3 330 329 337 )
	i( 3 330 337 338 )
	i( 3 332 331 339 )
	i( 3 332 339 340 )
	i( 3 333 332 340 )
	i( 3 333 340 341 )
	i( 3 334 333 341 )
	i( 3 334 341 342 )
	i( 3 335 334 343 )
	i( 3 334 342 343 )
	i( 3 336 335 343 )
	i( 3 336 343 344 )
	i( 3 337 336 345 )
	i( 3 336 344 345 )
	i( 3 338 337 346 )
	i( 3 337 345 346 )
	i( 3 340 339 347 )
	i( 3 340 347 348 )
	i( 3 341 340 348 )
	i( 3 341 348 349 )
	i( 3 342 341 349 )
	i( 3 342 349 350 )
	i( 3 343 342 350 )
	i( 3 343 350 351 )
	i( 3 344 343 351 )
	i( 3 344 351 352 )
	i( 3 345 344 352 )
	i( 3 345 352 353 )
	i( 3 346 345 353 )
	i( 3 346 353 354 )
	i( 3 348 347 355 )
	i( 3 348 355 356 )
	i( 3 350 349 357 )
	i( 3 349 358 357 )
	i( 3 351 350 357 )
	i( 3 351 357 359 )
	i( 3 352 351 359 )
	i( 3 352 359 360 )
	i( 3 353 352 361 )
	i( 3 352 360 361 )
	i( 3 354 353 361 )
	i( 3 354 361 362 )
	i( 3 356 355 5 )
	i( 3 356 5 363 )
	i( 3 358 356 363 )
	i( 3 358 363 364 )
	i( 3 357 358 364 )
	i( 3 357 364 365 )
	i( 3 359 357 365 )
	i( 3 359 365 366 )
	i( 3 360 359 366 )
	i( 3 360 366 367 )
	i( 3 361 360 367 )
	i( 3 361 367 368 )
	i( 3 362 361 368 )
	i( 3 362 368 22 )
	i( 3 260 11 10 )
	i( 3 260 10 129 )
	i( 3 258 260 129 )
	i( 3 258 129 132 )
	i( 3 256 258 132 )
	i( 3 256 132 134 )
	i( 3 254 256 134 )
	i( 3 254 134 136 )
	i( 3 252 254 136 )
	i( 3 252 136 138 )
	i( 3 249 252 138 )
	i( 3 249 138 140 )
	i( 3 16 249 140 )
	i( 3 16 140 17 )
	i( 3 320 20 19 )
	i( 3 320 19 188 )
	i( 3 318 320 187 )
	i( 3 320 188 187 )
	i( 3 316 318 187 )
	i( 3 316 187 186 )
	i( 3 314 316 186 )
	i( 3 314 186 185 )
	i( 3 312 314 185 )
	i( 3 312 185 184 )
	i( 3 309 312 184 )
	i( 3 309 184 183 )
	i( 3 7 309 183 )
	i( 3 7 183 8 )
	i( 3 363 5 189 )
	i( 3 5 4 189 )
	i( 3 364 363 192 )
	i( 3 363 189 192 )
	i( 3 365 364 194 )
	i( 3 364 192 194 )
	i( 3 366 365 196 )
	i( 3 365 194 196 )
	i( 3 367 366 198 )
	i( 3 366 196 198 )
	i( 3 368 367 200 )
	i( 3 367 198 200 )
	i( 3 22 368 23 )
	i( 3 368 200 23 )
	i( 3 243 2 308 )
	i( 3 2 1 308 )
	i( 3 244 243 307 )
	i( 3 243 308 307 )
	i( 3 245 244 306 )
	i( 3 244 307 306 )
	i( 3 246 245 305 )
	i( 3 245 306 305 )
	i( 3 247 246 304 )
	i( 3 246 305 304 )
	i( 3 248 247 303 )
	i( 3 247 304 303 )
	i( 3 13 248 14 )
	i( 3 248 303 14 )
	i( 3 369 18 370 )
	i( 3 369 370 371 )
	i( 3 372 369 371 )
	i( 3 372 371 373 )
	i( 3 374 372 373 )
	i( 3 374 373 375 )
	i( 3 376 374 375 )
	i( 3 376 375 377 )
	i( 3 378 376 377 )
	i( 3 378 377 379 )
	i( 3 380 378 379 )
	i( 3 380 379 381 )
	i( 3 15 380 381 )
	i( 3 15 381 382 )
	i( 3 371 370 383 )
	i( 3 371 383 384 )
	i( 3 373 371 385 )
	i( 3 371 384 385 )
	i( 3 375 373 385 )
	i( 3 375 385 386 )
	i( 3 377 375 386 )
	i( 3 377 386 387 )
	i( 3 379 377 387 )
	i( 3 379 387 388 )
	i( 3 381 379 388 )
	i( 3 381 388 389 )
	i( 3 382 381 389 )
	i( 3 382 389 390 )
	i( 3 384 383 391 )
	i( 3 384 391 392 )
	i( 3 385 384 392 )
	i( 3 385 392 393 )
	i( 3 386 385 393 )
	i( 3 386 393 394 )
	i( 3 387 386 394 )
	i( 3 387 394 395 )
	i( 3 388 387 395 )
	i( 3 388 395 396 )
	i( 3 389 388 396 )
	i( 3 389 396 397 )
	i( 3 390 389 397 )
	i( 3 390 397 398 )
	i( 3 392 391 399 )
	i( 3 392 399 400 )
	i( 3 393 392 400 )
	i( 3 393 400 401 )
	i( 3 394 393 401 )
	i( 3 394 401 402 )
	i( 3 396 395 403 )
	i( 3 396 403 404 )
	i( 3 397 396 404 )
	i( 3 397 404 405 )
	i( 3 398 397 405 )
	i( 3 398 405 406 )
	i( 3 400 399 407 )
	i( 3 400 407 408 )
	i( 3 401 400 408 )
	i( 3 401 408 409 )
	i( 3 402 401 409 )
	i( 3 402 409 410 )
	i( 3 403 402 410 )
	i( 3 403 410 411 )
	i( 3 404 403 411 )
	i( 3 404 411 412 )
	i( 3 405 404 412 )
	i( 3 405 412 413 )
	i( 3 406 405 413 )
	i( 3 406 413 414 )
	i( 3 408 407 415 )
	i( 3 408 415 416 )
	i( 3 409 408 416 )
	i( 3 409 416 417 )
	i( 3 410 409 417 )
	i( 3 410 417 418 )
	i( 3 411 410 418 )
	i( 3 411 418 419 )
	i( 3 412 411 419 )
	i( 3 412 419 420 )
	i( 3 413 412 420 )
	i( 3 413 420 421 )
	i( 3 414 413 421 )
	i( 3 414 421 422 )
	i( 3 416 415 21 )
	i( 3 416 21 423 )
	i( 3 417 416 423 )
	i( 3 417 423 424 )
	i( 3 418 417 424 )
	i( 3 418 424 425 )
	i( 3 419 418 425 )
	i( 3 419 425 426 )
	i( 3 420 419 426 )
	i( 3 420 426 427 )
	i( 3 421 420 427 )
	i( 3 421 427 428 )
	i( 3 422 421 428 )
	i( 3 422 428 12 )
	i( 3 429 9 430 )
	i( 3 429 430 431 )
	i( 3 432 429 431 )
	i( 3 432 431 433 )
	i( 3 434 432 433 )
	i( 3 434 433 435 )
	i( 3 436 434 435 )
	i( 3 436 435 437 )
	i( 3 438 436 437 )
	i( 3 438 437 439 )
	i( 3 440 438 439 )
	i( 3 440 439 441 )
	i( 3 6 440 441 )
	i( 3 6 441 442 )
	i( 3 431 430 443 )
	i( 3 431 443 444 )
	i( 3 435 433 445 )
	i( 3 435 445 446 )
	i( 3 437 435 446 )
	i( 3 437 446 447 )
	i( 3 439 437 447 )
	i( 3 439 447 448 )
	i( 3 442 441 449 )
	i( 3 442 449 450 )
	i( 3 444 443 451 )
	i( 3 444 451 452 )
	i( 3 445 444 452 )
	i( 3 445 452 453 )
	i( 3 446 445 453 )
	i( 3 446 453 454 )
	i( 3 447 446 454 )
	i( 3 447 454 455 )
	i( 3 448 447 455 )
	i( 3 448 455 456 )
	i( 3 449 448 456 )
	i( 3 449 456 457 )
	i( 3 450 449 457 )
	i( 3 450 457 458 )
	i( 3 452 451 459 )
	i( 3 452 459 460 )
	i( 3 454 453 461 )
	i( 3 454 461 462 )
	i( 3 455 454 462 )
	i( 3 455 462 463 )
	i( 3 456 455 463 )
	i( 3 456 463 464 )
	i( 3 458 457 465 )
	i( 3 458 465 466 )
	i( 3 460 459 467 )
	i( 3 460 467 468 )
	i( 3 461 460 468 )
	i( 3 461 468 469 )
	i( 3 462 461 469 )
	i( 3 462 469 470 )
	i( 3 463 462 470 )
	i( 3 463 470 471 )
	i( 3 464 463 471 )
	i( 3 464 471 472 )
	i( 3 465 464 472 )
	i( 3 465 472 473 )
	i( 3 466 465 473 )
	i( 3 466 473 474 )
	i( 3 468 467 475 )
	i( 3 468 475 476 )
	i( 3 470 469 477 )
	i( 3 470 477 478 )
	i( 3 471 470 478 )
	i( 3 471 478 479 )
	i( 3 472 471 479 )
	i( 3 472 479 480 )
	i( 3 474 473 481 )
	i( 3 474 481 482 )
	i( 3 0 483 476 )
	i( 3 0 476 475 )
	i( 3 477 476 483 )
	i( 3 477 483 484 )
	i( 3 478 477 484 )
	i( 3 478 484 485 )
	i( 3 479 478 485 )
	i( 3 479 485 486 )
	i( 3 480 479 486 )
	i( 3 480 486 487 )
	i( 3 481 480 487 )
	i( 3 481 487 488 )
	i( 3 482 481 488 )
	i( 3 482 488 3 )
	i( 3 241 13 12 )
	i( 3 241 12 428 )
	i( 3 234 241 428 )
	i( 3 234 428 427 )
	i( 3 226 234 427 )
	i( 3 226 427 426 )
	i( 3 218 226 426 )
	i( 3 218 426 425 )
	i( 3 210 218 425 )
	i( 3 210 425 424 )
	i( 3 202 210 424 )
	i( 3 202 424 423 )
	i( 3 23 202 423 )
	i( 3 23 423 21 )
	i( 3 380 15 17 )
	i( 3 380 17 142 )
	i( 3 378 380 142 )
	i( 3 378 142 150 )
	i( 3 376 378 150 )
	i( 3 376 150 158 )
	i( 3 374 376 166 )
	i( 3 376 158 166 )
	i( 3 372 374 166 )
	i( 3 372 166 174 )
	i( 3 369 372 174 )
	i( 3 369 174 182 )
	i( 3 18 369 182 )
	i( 3 18 182 19 )
	i( 3 130 10 9 )
	i( 3 130 9 429 )
	i( 3 143 130 429 )
	i( 3 143 429 432 )
	i( 3 151 143 432 )
	i( 3 151 432 434 )
	i( 3 159 151 434 )
	i( 3 159 434 436 )
	i( 3 167 159 436 )
	i( 3 167 436 438 )
	i( 3 175 167 438 )
	i( 3 175 438 440 )
	i( 3 8 175 440 )
	i( 3 8 440 6 )
	i( 3 190 4 3 )
	i( 3 190 3 488 )
	i( 3 203 190 488 )
	i( 3 203 488 487 )
	i( 3 211 203 487 )
	i( 3 211 487 486 )
	i( 3 219 211 486 )
	i( 3 219 486 485 )
	i( 3 227 219 485 )
	i( 3 227 485 484 )
	i( 3 235 227 484 )
	i( 3 235 484 483 )
	i( 3 483 0 2 )
	i( 3 483 2 235 )
	i( 3 370 18 20 )
	i( 3 370 20 322 )
	i( 3 383 370 322 )
	i( 3 383 322 330 )
	i( 3 391 383 330 )
	i( 3 391 330 338 )
	i( 3 399 391 338 )
	i( 3 399 338 346 )
	i( 3 407 399 346 )
	i( 3 407 346 354 )
	i( 3 415 407 354 )
	i( 3 415 354 362 )
	i( 3 21 415 362 )
	i( 3 21 362 22 )
	i( 3 250 16 15 )
	i( 3 250 15 382 )
	i( 3 263 250 382 )
	i( 3 263 382 390 )
	i( 3 271 263 390 )
	i( 3 271 390 398 )
	i( 3 279 271 398 )
	i( 3 279 398 406 )
	i( 3 287 279 406 )
	i( 3 287 406 414 )
	i( 3 295 287 414 )
	i( 3 295 414 422 )
	i( 3 14 295 422 )
	i( 3 14 422 12 )
	i( 3 0 475 302 )
	i( 3 0 302 1 )
	i( 3 294 302 475 )
	i( 3 294 475 467 )
	i( 3 286 294 467 )
	i( 3 286 467 459 )
	i( 3 278 286 451 )
	i( 3 286 459 451 )
	i( 3 270 278 451 )
	i( 3 270 451 443 )
	i( 3 262 270 443 )
	i( 3 262 443 430 )
	i( 3 11 262 430 )
	i( 3 11 430 9 )
	i( 3 482 3 5 )
	i( 3 482 5 355 )
	i( 3 474 482 355 )
	i( 3 474 355 347 )
	i( 3 466 474 347 )
	i( 3 466 347 339 )
	i( 3 458 466 339 )
	i( 3 458 339 331 )
	i( 3 450 458 331 )
	i( 3 450 331 323 )
	i( 3 442 450 323 )
	i( 3 442 323 310 )
	i( 3 6 442 310 )
	i( 3 6 310 7 )
}
