object( "object/Cube" )
{
	r( 0 45 315.0 )
	ra( 1.732 )
	fl( 640 )
	di( 1 1 1 )
	vb( 400 0 0 240 0 )
	v( 1 1 1 )
	v( 1 1 -1 )
	v( -1 1 -1 )
	v( -1 1 1 )
	v( -1 -1 -1 )
	v( -1 -1 1 )
	v( -1 1 1 )
	v( -1 1 -1 )
	v( 1 -1 -1 )
	v( 1 -1 1 )
	v( -1 -1 -1 )
	v( -1 -1 1 )
	v( 1 1 -1 )
	v( 1 1 1 )
	v( 1 -1 -1 )
	v( 1 -1 1 )
	v( -1 1 1 )
	v( 1 -1 1 )
	v( 1 -1 -1 )
	v( -1 -1 -1 )
	u0( 0 1 )
	u0( 1 1 )
	u0( 1 0 )
	u0( 0 0 )
	u0( 0 1 )
	u0( 1 1 )
	u0( 1 0 )
	u0( 0 0 )
	u0( 0 1 )
	u0( 1 1 )
	u0( 0 0 )
	u0( 1 0 )
	u0( 0 1 )
	u0( 1 1 )
	u0( 0 0 )
	u0( 1 0 )
	u0( 1 1 )
	u0( 0 0 )
	u0( 1 1 )
	u0( 1 0 )
	ng( 1 )
	g( "null" )
	mt( "material/Material_Cube" )
	ni( 36 4 )
	i( 3 0 1 2 )
	i( 3 0 2 3 )
	i( 3 4 5 6 )
	i( 3 4 6 7 )
	i( 3 8 9 10 )
	i( 3 9 11 10 )
	i( 3 12 13 14 )
	i( 3 13 15 14 )
	i( 3 0 16 17 )
	i( 3 16 11 17 )
	i( 3 12 18 19 )
	i( 3 12 19 7 )
}
