object( "object/Cube2" )
{
	l( -2 0 1.5 )
	ra( 1.732 )
	di( 1 1 1 )
	vb( 400 0 0 240 0 )
	v( 1 1 -1 )
	v( 1 -1 -1 )
	v( -1 -1 -1 )
	v( -1 1 -1 )
	v( 1 1 1 )
	v( -1 1 1 )
	v( 1 -1 1 )
	v( -1 -1 1 )
	v( 1 1 1 )
	v( 1 -1 -1 )
	v( 1 -1 1 )
	v( 1 -1 -1 )
	v( 1 -1 1 )
	v( -1 -1 -1 )
	v( -1 1 1 )
	v( -1 -1 -1 )
	v( -1 -1 1 )
	v( -1 1 -1 )
	v( -1 1 1 )
	v( 1 1 -1 )
	u0( 0 1 )
	u0( 1 1 )
	u0( 1 0 )
	u0( 0 0 )
	u0( 0 1 )
	u0( 1 1 )
	u0( 0 0 )
	u0( 1 0 )
	u0( 1 1 )
	u0( 0 0 )
	u0( 1 0 )
	u0( 0 1 )
	u0( 1 1 )
	u0( 0 0 )
	u0( 1 0 )
	u0( 0 1 )
	u0( 1 1 )
	u0( 1 0 )
	u0( 0 0 )
	u0( 1 1 )
	ng( 1 )
	g( "null" )
	mt( "material/Material" )
	ni( 36 4 )
	i( 3 0 1 2 )
	i( 3 0 2 3 )
	i( 3 4 5 6 )
	i( 3 5 7 6 )
	i( 3 0 8 9 )
	i( 3 8 10 9 )
	i( 3 11 12 13 )
	i( 3 12 7 13 )
	i( 3 14 3 15 )
	i( 3 14 15 16 )
	i( 3 17 18 4 )
	i( 3 17 4 19 )
}
